211.492065343	6.231977840	0.000000000	0.000001606	0.000000000	0.209317184	68.201649530	0.000010598	1030.800640000
211.440637117	5.977670993	0.206079960	0.000001564	0.000000000	0.179336256	68.183382970	0.000009923	1030.853040000
211.391423962	6.879828728	0.288867950	0.000001528	0.000000000	0.304098506	68.165903594	0.000011078	1030.903200000
211.355407403	6.451189771	0.371635914	0.000001477	0.000000000	0.239103771	68.153111609	0.000010073	1030.939920000
211.297359813	6.337134859	0.458405495	0.000001522	0.000000000	0.223447312	68.132495339	0.000010205	1030.999120000
211.247174722	6.355206899	0.537071228	0.000001500	0.000000000	0.226009182	68.114671991	0.000010085	1031.050320000
211.167697319	6.948642487	0.619849205	0.000001537	0.000000000	0.315946937	68.086446297	0.000011244	1031.131440000
211.003625307	6.009306348	0.706619263	0.000001590	0.000000000	0.183104202	68.028181008	0.000010139	1031.299040000
210.934682912	5.950168717	0.890130997	0.000001625	0.000000000	0.176374560	68.003699548	0.000010265	1031.369520000
210.774540682	6.336367559	1.055198193	0.000001660	0.000000000	0.223156343	67.946836156	0.000011126	1031.533360000
210.690628764	6.790575990	1.131994247	0.000001592	0.000000000	0.289946599	67.917042425	0.000011394	1031.619280000
210.389436757	6.085901961	1.437815666	0.000001635	0.000000000	0.192253473	67.810111290	0.000010551	1031.928080000
210.286111215	6.643063974	1.519590378	0.000001639	0.000000000	0.267137475	67.773431584	0.000011490	1032.034160000
210.175385062	6.352151244	1.618326187	0.000001571	0.000000000	0.226182693	67.734126763	0.000010557	1032.147920000
210.095700989	5.731772923	1.697116852	0.000001767	0.000000000	0.153473416	67.705842358	0.000010778	1032.229840000
210.023057766	6.164844362	1.775903702	0.000001714	0.000000000	0.201740240	67.680058104	0.000011196	1032.304560000
209.860944660	6.438655991	1.849781990	0.000001661	0.000000000	0.237832993	67.622520359	0.000011304	1032.471440000
209.776228492	6.409677314	2.000395775	0.000001618	0.000000000	0.234105925	67.592454408	0.000010964	1032.558720000
209.681242611	6.431864895	2.091151237	0.000001667	0.000000000	0.237036007	67.558745186	0.000011333	1032.656640000
209.536010576	6.618625529	2.214819908	0.000001652	0.000000000	0.264182499	67.507207288	0.000011541	1032.806480000
209.380701405	6.606535786	2.353272438	0.000001661	0.000000000	0.262493453	67.452097390	0.000011582	1032.966880000
209.310730142	6.350326726	2.431063652	0.000001665	0.000000000	0.226288464	67.427270154	0.000011189	1033.039200000
209.219987232	5.761671579	2.513365269	0.000001719	0.000000000	0.157167156	67.395073973	0.000010538	1033.133040000
209.110752104	6.361394291	2.612101555	0.000001719	0.000000000	0.227743722	67.356318522	0.000011564	1033.246080000
209.031176639	6.369378970	2.691887856	0.000001638	0.000000000	0.229219598	67.328087302	0.000011033	1033.328480000
208.952724876	4.939031367	2.767683983	0.000001764	0.000000000	0.088807935	67.300255814	0.000009364	1033.409760000
208.850013186	5.474065070	2.859439850	0.000001789	0.000000000	0.129908226	67.263819505	0.000010454	1033.516240000
208.987235415	5.919771621	2.931250095	0.000001885	0.000000000	0.173559168	67.312498615	0.000011852	1033.374000000
209.218440523	5.177959296	3.089823723	0.000001918	0.000000000	0.105289179	67.394525203	0.000010637	1033.134640000
209.549806521	4.686456474	3.165625572	0.000002019	0.000000000	0.072649742	67.512102842	0.000010205	1032.792240000
210.467953067	4.923652754	3.321248055	0.000001880	0.000000000	0.087044599	67.837985154	0.000009947	1031.847520000
211.353132139	5.229914160	3.449280739	0.000001777	0.000000000	0.108635382	68.152303512	0.000009947	1030.942240000
212.034040579	5.146875557	3.525081635	0.000001658	0.000000000	0.102419097	68.394178804	0.000009145	1030.249520000
212.676580838	5.324604966	3.607462883	0.000001834	0.000000000	0.115371171	68.622497451	0.000010439	1029.598720000
213.513828113	5.363835715	3.695217609	0.000001756	0.000000000	0.118355575	68.920108341	0.000010067	1028.754880000
214.276533954	4.653886501	3.785213470	0.000001689	0.000000000	0.070072041	69.191326080	0.000008482	1027.990240000
214.939016809	4.935253439	3.864998817	0.000001726	0.000000000	0.086600339	69.426984488	0.000009151	1027.329200000
215.673825052	4.853023483	3.956757545	0.000001626	0.000000000	0.081425952	69.688457103	0.000008488	1026.599360000
218.287282103	4.737160490	4.042237282	0.000001820	0.000000000	0.073379214	70.619158124	0.000009289	1024.031840000
218.882048406	4.840009735	4.376838207	0.000001592	0.000000000	0.079748149	70.831124697	0.000008292	1023.453600000
220.213465182	4.524500380	4.545388699	0.000001681	0.000000000	0.061829840	71.305835935	0.000008226	1022.167200000
220.842973888	5.051491517	4.626171589	0.000001690	0.000000000	0.092364524	71.530386627	0.000009157	1021.562800000
221.560896027	4.833961328	4.717926979	0.000001696	0.000000000	0.078335309	71.786554654	0.000008824	1020.876480000
222.187608921	4.412725033	4.796233654	0.000001663	0.000000000	0.056073756	72.010246644	0.000007951	1020.279920000
222.841182927	4.797095671	4.878077507	0.000001664	0.000000000	0.075881848	72.243594588	0.000008596	1019.660320000
223.417254237	4.930058901	4.951879025	0.000001691	0.000000000	0.083649844	72.449329250	0.000008962	1019.116320000
223.997817590	5.443134032	5.024690151	0.000001684	0.000000000	0.120344511	72.656722819	0.000009785	1018.570080000
225.510345651	5.019556597	5.111395836	0.000001521	0.000000000	0.089190503	73.197297097	0.000008196	1017.156320000
226.057877284	6.311256427	5.280883789	0.000001268	0.000000000	0.209897540	73.393074844	0.000008470	1016.647840000
226.670250104	6.317223223	5.362179756	0.000001301	0.000000000	0.209890487	73.612094651	0.000008698	1016.081200000
228.085099994	6.791353531	5.701785564	0.000001155	0.000000000	0.275441709	74.118356531	0.000008266	1014.780240000
228.241597200	7.162337556	5.788550377	0.000001184	0.000000000	0.335583865	74.174374057	0.000008918	1014.637040000
228.349484842	6.981882414	5.875319958	0.000001197	0.000000000	0.304639629	74.212994266	0.000008800	1014.538400000
228.396319796	5.855023119	5.959095001	0.000001247	0.000000000	0.157665242	74.229760210	0.000007759	1014.495600000
228.408402788	6.591019645	6.044919968	0.000001099	0.000000000	0.246789318	74.234085727	0.000007645	1014.484560000
228.398246010	5.520262123	6.130688667	0.000001288	0.000000000	0.126569207	74.230449762	0.000007585	1014.493840000
228.306251144	7.050021984	6.210482121	0.000001204	0.000000000	0.315912618	74.197517809	0.000008930	1014.577920000
228.244133877	5.916430984	6.384011745	0.000001270	0.000000000	0.163778650	74.175282082	0.000007981	1014.634720000
228.178542950	5.470855948	6.466790199	0.000001278	0.000000000	0.122610900	74.151803579	0.000007459	1014.694720000
228.015293428	5.797649864	6.621759892	0.000001338	0.000000000	0.151569529	74.093370821	0.000008248	1014.844160000
227.643703951	6.735552817	6.932427883	0.000001383	0.000000000	0.265152083	73.960381722	0.000009821	1015.184880000
227.539683199	6.734956089	7.008225441	0.000001390	0.000000000	0.265103113	73.923157426	0.000009875	1015.280400000
227.424589404	5.501788292	7.092002392	0.000001352	0.000000000	0.125051933	73.881972610	0.000007939	1015.386160000
227.305316448	6.524973384	7.172784805	0.000001393	0.000000000	0.235590428	73.839294572	0.000009600	1015.495840000
227.237758944	5.807106873	7.245684624	0.000001343	0.000000000	0.152880700	73.815122277	0.000008290	1015.558000000
227.113238807	6.574216165	7.318487167	0.000001298	0.000000000	0.243261944	73.770570482	0.000009008	1015.672640000
227.039944737	6.166372821	7.497018814	0.000001405	0.000000000	0.190817835	73.744347914	0.000009181	1015.740160000
226.968506491	5.603086475	7.581782818	0.000001422	0.000000000	0.133609893	73.718790137	0.000008488	1015.806000000
226.857462672	5.711246399	7.716912746	0.000001442	0.000000000	0.143373356	73.679064678	0.000008764	1015.908400000
226.710707666	4.969518659	7.847079754	0.000001436	0.000000000	0.085910778	73.626566728	0.000007663	1016.043840000
226.631881154	5.703718265	7.924415588	0.000001458	0.000000000	0.142706782	73.598369933	0.000008854	1016.116640000
226.540975569	5.571483622	8.009189606	0.000001572	0.000000000	0.130389697	73.565853609	0.000009337	1016.200640000
226.556901969	5.959114764	8.082992554	0.000001528	0.000000000	0.167646152	73.571550280	0.000009667	1016.185920000
226.683070669	5.374371429	8.170758247	0.000001688	0.000000000	0.113680600	73.616680667	0.000009695	1016.069360000
226.922257828	5.007029183	8.256531239	0.000001649	0.000000000	0.087546660	73.702244632	0.000008866	1015.848640000
227.201687721	5.093430237	8.330337524	0.000001725	0.000000000	0.092954580	73.802216175	0.000009421	1015.591200000
228.160706821	5.007918172	8.411115170	0.000001626	0.000000000	0.087280711	74.145419193	0.000008740	1014.711040000
228.672878333	4.716005081	8.593626022	0.000001580	0.000000000	0.070013031	74.328769565	0.000008035	1014.243120000
229.199871866	4.847519382	8.667430401	0.000001490	0.000000000	0.077560930	74.517469625	0.000007771	1013.763200000
230.277523081	4.694589665	8.822014809	0.000001514	0.000000000	0.068658709	74.903480448	0.000007663	1012.786640000
231.130764836	5.391720672	8.947680473	0.000001377	0.000000000	0.114431181	75.209238983	0.000007933	1012.018000000
231.685602922	6.224185281	9.032987595	0.000001319	0.000000000	0.194954260	75.408126409	0.000008698	1011.520320000
232.176268455	6.246138417	9.104798317	0.000001224	0.000000000	0.198021150	75.584050880	0.000008095	1011.081600000
232.716759580	5.614463608	9.187587261	0.000001249	0.000000000	0.132978051	75.777883698	0.000007473	1010.599840000
233.234585133	6.808758997	9.262387753	0.000001178	0.000000000	0.272806675	75.963631042	0.000008452	1010.139760000
233.819998766	5.718758607	9.344170094	0.000001224	0.000000000	0.141987294	76.173673148	0.000007449	1009.621360000
234.391592437	5.813172970	9.429452419	0.000001182	0.000000000	0.150920581	76.378808333	0.000007305	1009.116960000
236.303686276	5.963906842	9.512230873	0.000001227	0.000000000	0.164400090	77.065394975	0.000007771	1007.442160000
236.550140531	6.075222741	9.872375011	0.000001175	0.000000000	0.176427202	77.153931909	0.000007573	1007.227680000
236.925987014	7.203910938	10.046910286	0.000001247	0.000000000	0.331936863	77.288970120	0.000009445	1006.901200000
237.012677037	6.265543778	10.122706890	0.000001250	0.000000000	0.196775306	77.320120144	0.000008290	1006.826000000
237.057976502	6.494553579	10.201495171	0.000001271	0.000000000	0.224726051	77.336397904	0.000008722	1006.786720000
237.085198948	7.074841256	10.277295113	0.000001169	0.000000000	0.310936976	77.346180080	0.000008704	1006.763120000
237.081692081	6.948499608	10.364062309	0.000001239	0.000000000	0.289770444	77.344919907	0.000009061	1006.766160000
237.062774715	5.973975429	10.439904690	0.000001284	0.000000000	0.164540179	77.338122096	0.000008142	1006.782560000
237.003175844	6.492172784	10.521689415	0.000001219	0.000000000	0.224971531	77.316706057	0.000008362	1006.834240000
236.839986706	6.816404997	10.604466438	0.000001189	0.000000000	0.270444457	77.258069073	0.000008542	1006.975840000
236.779269142	5.309148669	10.784983158	0.000001295	0.000000000	0.106474767	77.236253136	0.000007353	1007.028560000
236.698223721	5.654938592	10.864770412	0.000001410	0.000000000	0.133687832	77.207134247	0.000008494	1007.098960000
237.267933916	5.080308999	11.200932026	0.000001582	0.000000000	0.089272463	77.411847431	0.000008620	1006.604800000
237.602337232	4.631495373	11.283709526	0.000001698	0.000000000	0.063277088	77.532031382	0.000008488	1006.315520000
237.927294646	4.162889180	11.355518341	0.000001678	0.000000000	0.042927767	77.648836956	0.000007605	1006.034960000
238.342763001	3.717878091	11.434319019	0.000001792	0.000000000	0.028425316	77.798200187	0.000007323	1005.677040000
238.944181222	5.047399688	11.542019844	0.000001812	0.000000000	0.086111987	78.014460289	0.000009815	1005.160480000
239.368606531	3.974211722	11.613829613	0.000001813	0.000000000	0.035954074	78.167109934	0.000007873	1004.797040000
240.651848192	4.550419899	11.695608616	0.000001846	0.000000000	0.058461929	78.628810180	0.000009079	1003.703680000
241.236707738	4.505458065	11.896117210	0.000001814	0.000000000	0.056317992	78.839321063	0.000008842	1003.208080000
241.762658135	4.052158132	11.984394073	0.000001945	0.000000000	0.038100881	79.028672792	0.000008596	1002.763840000
242.592497506	3.015324094	12.118046284	0.000002104	0.000000000	0.013205188	79.327515108	0.000007119	1002.065680000
244.399894231	3.883842949	12.440167904	0.000002248	0.000000000	0.032170112	79.978754753	0.000009559	1000.556640000
244.852310356	3.804709413	12.525952816	0.000002304	0.000000000	0.029789591	80.141845582	0.000009613	1000.181360000
245.631214079	4.089585019	12.599742413	0.000002234	0.000000000	0.038639914	80.422703062	0.000009959	999.537536000
245.952776531	3.428646910	12.889964581	0.000002307	0.000000000	0.020434987	80.538678577	0.000008758	999.272576000
246.059939892	3.747970331	13.038567066	0.000002214	0.000000000	0.028160398	80.577331800	0.000009112	999.184384000
246.171683584	4.020320098	13.219082355	0.000002179	0.000000000	0.036292329	80.617638942	0.000009562	999.092480000
246.156116122	3.961745497	13.351730824	0.000002238	0.000000000	0.034375197	80.612023481	0.000009688	999.105280000
246.118682040	3.685581367	13.432512760	0.000002200	0.000000000	0.026514970	80.598520488	0.000008917	999.136064000
246.055350276	3.640133469	13.514296532	0.000002258	0.000000000	0.025332314	80.575676317	0.000009049	999.188160000
245.976412156	3.475458218	13.596076488	0.000002292	0.000000000	0.021453431	80.547203667	0.000008809	999.253120000
245.889893324	3.504957783	13.671875000	0.000002236	0.000000000	0.022146004	80.515997752	0.000008659	999.324352000
245.786872794	3.561697281	13.751659870	0.000002351	0.000000000	0.023403813	80.478841400	0.000009238	999.409216000
245.682282810	3.723708351	13.825463772	0.000002284	0.000000000	0.027503069	80.441120609	0.000009346	999.495424000
245.389577412	4.022665127	13.910235882	0.000002227	0.000000000	0.036427721	80.335563914	0.000009778	999.736960000
245.253087322	3.425098073	14.090754032	0.000002281	0.000000000	0.020418208	80.286346630	0.000008653	999.849728000
245.120959441	3.933546805	14.166551590	0.000002164	0.000000000	0.033662114	80.238704972	0.000009307	999.958976000
244.839370610	3.384833369	14.319142818	0.000002316	0.000000000	0.019586679	80.137180527	0.000008692	1000.192080000
244.593022972	4.017806648	14.448797226	0.000002249	0.000000000	0.036348365	80.048371707	0.000009863	1000.396320000
244.452491887	3.078248188	14.520605564	0.000002231	0.000000000	0.014049946	79.997714033	0.000007687	1000.512960000
244.283292087	3.178728337	14.606894016	0.000002329	0.000000000	0.015698732	79.936725979	0.000008260	1000.653520000
244.094064468	3.257404085	14.701171875	0.000002297	0.000000000	0.017141393	79.868523977	0.000008326	1000.810880000
243.940678870	3.581843868	14.771983147	0.000002287	0.000000000	0.024058529	79.813244204	0.000009032	1000.938560000
243.782341936	3.461419953	14.855271816	0.000002336	0.000000000	0.021277425	79.756183682	0.000008944	1001.070480000
243.610821457	3.507322800	14.939563751	0.000002357	0.000000000	0.022305637	79.694376397	0.000009133	1001.213520000
242.880980448	3.531590247	15.015362263	0.000002354	0.000000000	0.022919004	79.431428107	0.000009181	1001.823760000
242.725326744	3.214611584	15.372935772	0.000002399	0.000000000	0.016390742	79.375359307	0.000008596	1001.954240000
242.365408741	3.630104852	15.550458908	0.000002256	0.000000000	0.025389107	79.245725420	0.000009022	1002.256400000
242.181689750	3.632538314	15.641223907	0.000002319	0.000000000	0.025432360	79.179561749	0.000009277	1002.410880000
242.009565732	3.394708487	15.725991726	0.000002408	0.000000000	0.019936605	79.117578458	0.000009061	1002.555760000
241.849951331	3.115195721	15.804782391	0.000002348	0.000000000	0.014729943	79.060103983	0.000008178	1002.690240000
241.686218122	3.495307758	15.886560440	0.000002282	0.000000000	0.022209909	79.001150395	0.000008818	1002.828320000
241.542155746	3.051928297	15.958371162	0.000002372	0.000000000	0.013709211	78.949282817	0.000008112	1002.949920000
241.396131659	2.825354462	16.031175613	0.000002334	0.000000000	0.010485008	78.896712158	0.000007455	1003.073280000
241.042004883	3.313171729	16.111960411	0.000002390	0.000000000	0.018349764	78.769235110	0.000008800	1003.372880000
240.879795518	3.294448767	16.293829441	0.000002386	0.000000000	0.017995405	78.710850021	0.000008740	1003.510320000
240.739614872	3.505097691	16.366147995	0.000002372	0.000000000	0.022461096	78.660397090	0.000009187	1003.629200000
240.103362228	3.544686773	16.699450016	0.000002334	0.000000000	0.023450062	78.431438580	0.000009133	1004.170000000
239.966351354	3.421318366	16.771261215	0.000002409	0.000000000	0.020639599	78.382142627	0.000009127	1004.286720000
239.811536706	3.207232993	16.854046822	0.000002429	0.000000000	0.016405344	78.326444389	0.000008686	1004.418720000
239.655831894	3.304066167	16.937815666	0.000002411	0.000000000	0.018247579	78.270429575	0.000008854	1004.551600000
239.511316040	2.985207317	17.016602993	0.000002434	0.000000000	0.012751821	78.218443296	0.000008160	1004.675040000
239.357288475	3.129530862	17.100378990	0.000002335	0.000000000	0.015100174	78.163038903	0.000008166	1004.806720000
239.226764374	2.626605096	17.173186302	0.000002413	0.000000000	0.008185853	78.116091643	0.000007227	1004.918400000
238.967043073	3.098175550	17.259491920	0.000002421	0.000000000	0.014561929	78.022682126	0.000008392	1005.140880000
238.831316812	2.647195914	17.396114349	0.000002506	0.000000000	0.008397377	77.973871885	0.000007555	1005.257280000
238.697282954	2.670841420	17.472907066	0.000002401	0.000000000	0.008689557	77.925673035	0.000007296	1005.372320000
238.452697438	3.253138862	17.616522312	0.000002462	0.000000000	0.017319989	77.837726667	0.000008917	1005.582480000
237.917370810	2.687605445	17.932681561	0.000002396	0.000000000	0.008904034	77.645269604	0.000007320	1006.043520000
237.790730799	3.336787540	18.014459133	0.000002429	0.000000000	0.019010387	77.599747261	0.000009001	1006.152800000
237.643813928	3.501820308	18.112201214	0.000002431	0.000000000	0.022595217	77.546939231	0.000009406	1006.279680000
237.515898498	2.999828107	18.194065571	0.000002447	0.000000000	0.013055577	77.500963809	0.000008241	1006.390240000
237.395199032	3.250767254	18.269863129	0.000002426	0.000000000	0.017350374	77.457584258	0.000008779	1006.494640000
237.199211912	3.302724292	18.342670918	0.000002509	0.000000000	0.018337534	77.387150996	0.000009208	1006.664320000
237.093043521	3.230903888	18.494286060	0.000002466	0.000000000	0.016980564	77.348998987	0.000008875	1006.756320000
236.998840527	3.037612662	18.566073418	0.000002466	0.000000000	0.013660598	77.315148242	0.000008398	1006.838000000
236.820267217	2.806658461	18.720684528	0.000002542	0.000000000	0.010345509	77.250983761	0.000008070	1006.992960000
236.662686579	2.918089313	18.850311756	0.000002454	0.000000000	0.011883204	77.194366392	0.000008064	1007.129840000
236.567896263	3.061697036	18.926629543	0.000002517	0.000000000	0.014050620	77.160310891	0.000008632	1007.212240000
236.472515751	2.948268806	19.007934093	0.000002456	0.000000000	0.012326254	77.126044749	0.000008146	1007.295200000
236.370205216	2.994892292	19.091711044	0.000002398	0.000000000	0.013046680	77.089290506	0.000008064	1007.384240000
236.277784101	3.135549302	19.167507648	0.000002516	0.000000000	0.015298812	77.056090348	0.000008816	1007.464720000
236.157235482	2.686093743	19.265246868	0.000002486	0.000000000	0.008916437	77.012788014	0.000007591	1007.569760000
236.051264707	3.323564190	19.345034122	0.000002414	0.000000000	0.018861015	76.974724050	0.000008912	1007.662160000
235.851066610	2.741724291	19.423822880	0.000002429	0.000000000	0.009597194	76.902819028	0.000007555	1007.836880000
235.761311868	2.829419512	19.583397388	0.000002606	0.000000000	0.010663814	76.870583888	0.000008332	1007.915280000
235.665840028	2.780644060	19.660190105	0.000002500	0.000000000	0.010065534	76.836296838	0.000007873	1007.998720000
235.464456994	2.810996061	19.824750900	0.000002657	0.000000000	0.010422773	76.763978256	0.000008446	1008.174880000
235.314902890	2.670554553	19.946426868	0.000002595	0.000000000	0.008739554	76.710276006	0.000007885	1008.305840000
235.229268786	2.894365581	20.018235683	0.000002589	0.000000000	0.011569213	76.679527867	0.000008446	1008.380880000
235.135651050	2.477306951	20.097038269	0.000002607	0.000000000	0.006751338	76.645914392	0.000007419	1008.462960000
235.050564699	2.200570434	20.170833588	0.000002688	0.000000000	0.004509939	76.615365293	0.000006903	1008.537600000
234.964428206	2.285249980	20.242644787	0.000002589	0.000000000	0.005138340	76.584440300	0.000006869	1008.613200000
234.862033813	2.453713811	20.329414368	0.000002597	0.000000000	0.006542070	76.547679843	0.000007329	1008.703120000
234.772080694	2.816117007	20.401220798	0.000002606	0.000000000	0.010525525	76.515387252	0.000008298	1008.782160000
234.679356006	2.685576273	20.482007027	0.000002561	0.000000000	0.008937894	76.482101003	0.000007819	1008.863680000
234.315417532	2.127682872	20.561792850	0.000002721	0.000000000	0.004035030	76.351467525	0.000006791	1009.184080000
234.228571699	2.991837727	20.894410133	0.000002508	0.000000000	0.013061625	76.320297793	0.000008426	1009.260640000
234.063263566	2.980416662	21.051996708	0.000002545	0.000000000	0.012884252	76.260970498	0.000008522	1009.406480000
233.985245961	2.512302983	21.123798847	0.000002544	0.000000000	0.007124052	76.232972306	0.000007327	1009.475360000
233.891057531	2.787837930	21.213555813	0.000002655	0.000000000	0.010181858	76.199172151	0.000008378	1009.558560000
233.804795238	2.539923512	21.296342850	0.000002540	0.000000000	0.007401483	76.168217557	0.000007387	1009.634800000
233.728074883	2.569730180	21.369647980	0.000002576	0.000000000	0.007698639	76.140687993	0.000007567	1009.702640000
233.655277655	1.964096525	21.443459988	0.000002630	0.000000000	0.003113313	76.114567014	0.000006132	1009.767040000
233.574288750	2.495235023	21.522161484	0.000002591	0.000000000	0.006960381	76.085507684	0.000007417	1009.838720000
233.384084406	2.266298183	21.596966267	0.000002543	0.000000000	0.005030845	76.017265192	0.000006700	1010.007200000
233.304310598	2.740628401	21.791961193	0.000002557	0.000000000	0.009635581	75.988645217	0.000007949	1010.077920000
233.233863678	2.201324853	21.863769531	0.000002619	0.000000000	0.004553221	75.963372222	0.000006729	1010.140400000
232.911777869	2.362554987	22.198873520	0.000002749	0.000000000	0.005765492	75.847833081	0.000007506	1010.426400000
232.835020406	2.497166413	22.282649517	0.000002699	0.000000000	0.006976998	75.820300915	0.000007734	1010.494640000
232.759557520	2.527487046	22.363434315	0.000002634	0.000000000	0.007285775	75.793234002	0.000007626	1010.561760000
232.682241596	2.538747305	22.447208405	0.000002734	0.000000000	0.007381938	75.765503368	0.000007948	1010.630560000
232.601188675	2.570554407	22.537485600	0.000002674	0.000000000	0.007718084	75.736433405	0.000007858	1010.702720000
232.531310255	2.341184594	22.614282131	0.000002579	0.000000000	0.005624566	75.711372049	0.000006987	1010.764960000
232.358537735	2.859925636	22.695066452	0.000002664	0.000000000	0.011187966	75.649411806	0.000008599	1010.918960000
232.291093425	2.375104050	22.889756680	0.000002588	0.000000000	0.005909081	75.625225979	0.000007099	1010.979120000
232.226903481	2.191099916	22.964067936	0.000002592	0.000000000	0.004502403	75.602207844	0.000006633	1011.036400000
232.096896907	2.471457580	23.117698193	0.000002715	0.000000000	0.006748567	75.555590238	0.000007710	1011.152480000
231.842377979	2.308926867	23.429863930	0.000002688	0.000000000	0.005361987	75.464332823	0.000007194	1011.380000000
231.778988525	2.326923939	23.508655071	0.000002743	0.000000000	0.005497861	75.441606205	0.000007392	1011.436720000
231.712317402	2.085272487	23.592434406	0.000002765	0.000000000	0.003801977	75.417703713	0.000006783	1011.496400000
231.651657676	2.335021622	23.669225216	0.000002717	0.000000000	0.005569319	75.395956994	0.000007344	1011.550720000
231.595484773	2.189370237	23.744110107	0.000002739	0.000000000	0.004479483	75.375819333	0.000007005	1011.601040000
231.470437361	2.094031179	23.816914082	0.000002631	0.000000000	0.003875636	75.330992342	0.000006477	1011.713120000
231.412810171	1.852817635	23.990233421	0.000002764	0.000000000	0.002579862	75.310334979	0.000006137	1011.764800000
231.350032061	2.164403651	24.076004505	0.000002761	0.000000000	0.004311365	75.287831783	0.000006993	1011.821120000
231.249405368	2.239975086	24.217905998	0.000002724	0.000000000	0.004845139	75.251762827	0.000007105	1011.911440000
231.154005204	1.947350461	24.352546215	0.000002761	0.000000000	0.003038391	75.217568759	0.000006393	1011.997120000
231.103610728	2.034834613	24.429342270	0.000002663	0.000000000	0.003524596	75.199506558	0.000006399	1012.042400000
231.048515073	2.036993777	24.511123657	0.000002708	0.000000000	0.003532138	75.179759837	0.000006513	1012.091920000
230.998064065	1.791224313	24.587919235	0.000002801	0.000000000	0.002312219	75.161678214	0.000006048	1012.137280000
230.950652506	2.322241117	24.659715652	0.000002741	0.000000000	0.005476480	75.144686294	0.000007374	1012.179920000
230.903699239	2.553742004	24.733512402	0.000002641	0.000000000	0.007596641	75.127858972	0.000007716	1012.222160000
230.847693070	2.240728592	24.815289497	0.000002744	0.000000000	0.004854711	75.107787686	0.000007159	1012.272560000
230.727389083	2.184025867	24.891086102	0.000002726	0.000000000	0.004458045	75.064675257	0.000006957	1012.380880000
230.683873982	2.446828823	25.083622932	0.000002713	0.000000000	0.006553736	75.049081642	0.000007638	1012.420080000
230.629718296	2.094883776	25.167398453	0.000002700	0.000000000	0.003883045	75.029675397	0.000006651	1012.468880000
230.538227071	2.255911871	25.316999912	0.000002762	0.000000000	0.004969427	74.996891322	0.000007248	1012.551360000
230.460708163	2.116467985	25.449160576	0.000002696	0.000000000	0.004020808	74.969114986	0.000006699	1012.621280000
230.410083515	1.961084023	25.534915924	0.000002850	0.000000000	0.003108412	74.950975831	0.000006639	1012.666960000
230.368159390	2.103530092	25.606818199	0.000002689	0.000000000	0.003941762	74.935954439	0.000006645	1012.704800000
230.318715166	2.504886226	25.690578461	0.000002669	0.000000000	0.007118637	74.918238957	0.000007668	1012.749440000
230.277877378	2.177236439	25.762390137	0.000002768	0.000000000	0.004413306	74.903607386	0.000007045	1012.786320000
230.230851281	2.044285567	25.846679211	0.000002782	0.000000000	0.003575818	74.886758963	0.000006711	1012.828800000
230.190832209	1.952260292	25.918013573	0.000002712	0.000000000	0.003079200	74.872421279	0.000006293	1012.864960000
229.978505862	2.130495249	25.997799873	0.000002739	0.000000000	0.004111889	74.796355092	0.000006843	1013.056960000
229.938548654	1.850548855	26.372797489	0.000002788	0.000000000	0.002580415	74.782041169	0.000006186	1013.093120000
229.850800948	1.889958178	26.546373367	0.000002780	0.000000000	0.002765570	74.750608081	0.000006276	1013.172560000
229.819000759	2.101512906	26.627159119	0.000002793	0.000000000	0.003923995	74.739216881	0.000006898	1013.201360000
229.780318899	2.301637950	26.713920593	0.000002669	0.000000000	0.005346049	74.725360801	0.000007125	1013.236400000
229.749238764	1.908470068	26.784864426	0.000002883	0.000000000	0.002846347	74.714227878	0.000006564	1013.264560000
229.714368971	2.312467333	26.859663963	0.000002813	0.000000000	0.005412340	74.701737680	0.000007539	1013.296160000
229.679771393	1.482160047	26.941762924	0.000002856	0.000000000	0.001272754	74.689345178	0.000005285	1013.327520000
229.646504637	1.991381450	27.013839245	0.000002754	0.000000000	0.003288426	74.677429542	0.000006498	1013.357680000
229.568614676	1.874978547	27.102952003	0.000002886	0.000000000	0.002687586	74.649531254	0.000006474	1013.428320000
229.535546977	2.027174891	27.295412064	0.000002741	0.000000000	0.003490709	74.637687500	0.000006564	1013.458320000
229.508480557	1.555045419	27.366768837	0.000002781	0.000000000	0.001483929	74.627993334	0.000005349	1013.482880000
229.385636247	1.617525271	27.698879242	0.000002850	0.000000000	0.001675069	74.583996621	0.000005658	1013.594400000
229.356480963	2.109901547	27.772683144	0.000002918	0.000000000	0.003969364	74.573555002	0.000007231	1013.620880000
229.324513054	1.615057139	27.852470398	0.000002884	0.000000000	0.001665019	74.562106230	0.000005718	1013.649920000
229.298186081	1.701510244	27.932268620	0.000002920	0.000000000	0.001962979	74.552677787	0.000006042	1013.673840000
229.267550026	1.904693965	28.005062103	0.000002874	0.000000000	0.002833530	74.541706277	0.000006532	1013.701680000
229.238415918	1.744209965	28.089834213	0.000002801	0.000000000	0.002135368	74.531272789	0.000005916	1013.728160000
229.213158851	1.670759626	28.160644531	0.000002881	0.000000000	0.001855112	74.522227853	0.000005874	1013.751120000
229.159401657	1.463537175	28.246415138	0.000002773	0.000000000	0.001231440	74.502976930	0.000005079	1013.800000000
229.130462844	1.517625012	28.392028809	0.000002818	0.000000000	0.001374803	74.492613878	0.000005313	1013.826320000
229.088603050	1.734582279	28.512702942	0.000002855	0.000000000	0.002094510	74.477624029	0.000006002	1013.864400000
229.052116447	1.377015031	28.616440773	0.000002925	0.000000000	0.001014335	74.464558529	0.000005105	1013.897600000
228.946922703	1.724593941	28.930586815	0.000002868	0.000000000	0.002056011	74.426890851	0.000006002	1013.993360000
228.917494726	1.548957215	29.018351078	0.000002807	0.000000000	0.001467068	74.416353623	0.000005381	1014.020160000
228.890882376	1.917413878	29.092666149	0.000002817	0.000000000	0.002905232	74.406824701	0.000006438	1014.044400000
228.864010969	1.666702454	29.165472507	0.000002735	0.000000000	0.001854436	74.397203134	0.000005565	1014.068880000
228.837582981	1.828396228	29.250765324	0.000002744	0.000000000	0.002495223	74.387740450	0.000006026	1014.092960000
228.786846294	1.519203659	29.326563835	0.000002877	0.000000000	0.001377102	74.369574216	0.000005429	1014.139200000
228.764204246	1.485860311	29.491122246	0.000002773	0.000000000	0.001292057	74.361467379	0.000005141	1014.159840000
228.738406698	1.542974225	29.575895786	0.000002780	0.000000000	0.001452248	74.352230836	0.000005312	1014.183360000
228.694279597	1.638325655	29.714527130	0.000002799	0.000000000	0.001752179	74.336431833	0.000005616	1014.223600000
228.654110698	1.469450351	29.855154037	0.000002832	0.000000000	0.001245220	74.322050271	0.000005204	1014.260240000
228.631574869	1.506298176	29.926510811	0.000002824	0.000000000	0.001345049	74.313981942	0.000005294	1014.280800000
228.610181886	1.958737309	30.009291649	0.000002784	0.000000000	0.003122427	74.306322851	0.000006477	1014.300320000
228.586863246	1.615541975	30.082602024	0.000002813	0.000000000	0.001675884	74.297974423	0.000005580	1014.321600000
228.565388520	1.947603951	30.162386894	0.000002867	0.000000000	0.003056762	74.290286220	0.000006639	1014.341200000
228.547509697	1.405599860	30.234195709	0.000002833	0.000000000	0.001086924	74.283885449	0.000005024	1014.357520000
228.524375326	1.735198915	30.321961403	0.000002796	0.000000000	0.002105848	74.275603222	0.000005880	1014.378640000
228.473911805	1.396447892	30.399760723	0.000002776	0.000000000	0.001069128	74.257537311	0.000004898	1014.424720000
228.456568603	1.267069234	30.583262920	0.000002766	0.000000000	0.000799297	74.251328549	0.000004523	1014.440560000
228.436249638	1.537206261	30.668036461	0.000002823	0.000000000	0.001433926	74.244054542	0.000005378	1014.459120000
228.398858901	1.607921474	30.817636013	0.000002770	0.000000000	0.001655365	74.230669167	0.000005474	1014.493280000
228.367516883	1.619308273	30.947296619	0.000002808	0.000000000	0.001689942	74.219449322	0.000005580	1014.521920000
228.347909322	1.578636989	31.022090435	0.000002759	0.000000000	0.001563496	74.212430269	0.000005372	1014.539840000
228.328654209	1.791119207	31.102871895	0.000002804	0.000000000	0.002333129	74.205537444	0.000006053	1014.557440000
228.312289165	1.777151659	31.182667255	0.000002777	0.000000000	0.002277356	74.199679234	0.000005958	1014.572400000
228.295925776	1.380011277	31.256463051	0.000002809	0.000000000	0.001030081	74.193821659	0.000004910	1014.587360000
228.280176484	1.233766050	31.333255768	0.000002842	0.000000000	0.000735694	74.188183952	0.000004553	1014.601760000
228.262679070	1.782104164	31.411050320	0.000002948	0.000000000	0.002284297	74.181920523	0.000006339	1014.617760000
228.183177169	1.408063746	31.540222168	0.000002761	0.000000000	0.001098455	74.153462392	0.000004904	1014.690480000
228.168488028	1.095340557	31.870338440	0.000002899	0.000000000	0.000519788	74.148204445	0.000004243	1014.703920000
228.134305968	1.376976244	32.045870304	0.000002931	0.000000000	0.001017214	74.135969184	0.000005114	1014.735200000
228.196118709	1.787078857	32.125656605	0.000002939	0.000000000	0.002306208	74.158094817	0.000006335	1014.678640000
228.107559832	1.625871353	32.199460506	0.000002970	0.000000000	0.001702122	74.126395696	0.000005921	1014.759680000
228.093926251	1.741184766	32.276252747	0.000002961	0.000000000	0.002119666	74.121515749	0.000006245	1014.772160000
228.079594751	1.775012885	32.363031864	0.000003017	0.000000000	0.002251580	74.116386023	0.000006465	1014.785280000
228.128449409	2.123963421	32.477715015	0.000002986	0.000000000	0.004069485	74.133872883	0.000007440	1014.740560000
228.050848198	2.073966316	32.550522327	0.000003069	0.000000000	0.003751734	74.106096764	0.000007494	1014.811600000
228.028046819	1.915284408	32.631747246	0.000003193	0.000000000	0.002873436	74.097935556	0.000007290	1014.832480000
228.014070553	1.869209613	32.783343792	0.000003144	0.000000000	0.002655741	74.092933127	0.000007035	1014.845280000
228.022718225	2.009596327	32.865340710	0.000003108	0.000000000	0.003375200	74.096028325	0.000007389	1014.837360000
227.959050759	1.555110308	33.198447704	0.000003235	0.000000000	0.001466192	74.073240573	0.000006222	1014.895680000
227.946913994	1.822020533	33.283223152	0.000003139	0.000000000	0.002443778	74.068896676	0.000006874	1014.906800000
227.935913111	1.514393565	33.362012863	0.000003286	0.000000000	0.001346804	74.064959345	0.000006186	1014.916880000
227.883974621	2.148776517	33.434818268	0.000003180	0.000000000	0.004217436	74.046370279	0.000008005	1014.964480000
227.897939631	1.909179588	33.562500000	0.000003315	0.000000000	0.002837133	74.051368389	0.000007549	1014.951680000
227.897852346	1.704558862	33.648269653	0.000003167	0.000000000	0.001968320	74.051337150	0.000006563	1014.951760000
227.876905295	2.155264430	33.731049538	0.000003263	0.000000000	0.004254121	74.043840163	0.000008232	1014.970960000
227.866258252	2.353890859	33.886634350	0.000003207	0.000000000	0.005742181	74.040029594	0.000008728	1014.980720000
227.856659061	1.804298931	33.971415043	0.000003150	0.000000000	0.002367282	74.036594066	0.000006842	1014.989520000
227.828562894	2.154883324	34.121006012	0.000003293	0.000000000	0.004250083	74.026538599	0.000008307	1015.015280000
227.727213033	2.293748469	34.431180477	0.000003226	0.000000000	0.005258308	73.990267076	0.000008587	1015.108240000
227.694170346	2.465596520	34.511961460	0.000003155	0.000000000	0.006740443	73.978441972	0.000008941	1015.138560000
227.661483055	2.647889854	34.591747761	0.000003121	0.000000000	0.008629989	73.966744228	0.000009412	1015.168560000
227.629935207	2.042109007	34.673529625	0.000003270	0.000000000	0.003553238	73.955454415	0.000007882	1015.197520000
227.600484500	2.247580974	34.748329639	0.000003204	0.000000000	0.004911619	73.944915236	0.000008379	1015.224560000
227.546302285	1.817481834	34.831109524	0.000003226	0.000000000	0.002422091	73.925526044	0.000007051	1015.274320000
227.518347204	1.964172926	34.992675781	0.000003267	0.000000000	0.003123523	73.915522458	0.000007620	1015.300000000
227.495620946	2.384653418	35.069470882	0.000003145	0.000000000	0.006016734	73.907390072	0.000008656	1015.320880000
227.449394656	2.321287584	35.222064018	0.000003165	0.000000000	0.005487332	73.890848667	0.000008512	1015.363360000
227.401180231	1.999389301	35.351718426	0.000003141	0.000000000	0.003323425	73.873596202	0.000007437	1015.407680000
227.370988292	2.133773776	35.421533585	0.000003006	0.000000000	0.004141972	73.862792873	0.000007521	1015.435440000
227.296968039	2.180533021	35.522262096	0.000002981	0.000000000	0.004458546	73.836307445	0.000007597	1015.503520000
227.168144394	2.077059083	35.606036663	0.000003010	0.000000000	0.003787474	73.790214729	0.000007359	1015.622080000
227.023536305	1.993780646	35.676848412	0.000003118	0.000000000	0.003298745	73.738477554	0.000007365	1015.755280000
226.869777812	1.828635941	35.755637646	0.000003026	0.000000000	0.002489944	73.683470270	0.000006648	1015.897040000
226.695112537	2.444661352	35.834426403	0.000003048	0.000000000	0.006580996	73.620988162	0.000008572	1016.058240000
226.216300886	2.311907842	35.905239105	0.000003029	0.000000000	0.005449666	73.449730470	0.000008118	1016.501040000
225.958068929	2.230422881	36.093732834	0.000003023	0.000000000	0.004830672	73.357383343	0.000007855	1016.740400000
225.647224950	2.119353871	36.185486794	0.000003112	0.000000000	0.004064515	73.246235713	0.000007741	1017.029040000
225.168617206	1.922073885	36.320128441	0.000003007	0.000000000	0.002950562	73.075131725	0.000006886	1017.474560000
224.677753886	2.427088347	36.448782921	0.000003116	0.000000000	0.006459558	72.899684771	0.000008710	1017.932880000
224.389716703	2.140003801	36.523582458	0.000003137	0.000000000	0.004215958	72.796751160	0.000007867	1018.202480000
224.079529033	1.911616452	36.605364799	0.000003199	0.000000000	0.002895591	72.685916843	0.000007293	1018.493360000
223.814695040	1.922362020	36.675180435	0.000003077	0.000000000	0.002961017	72.591300376	0.000007048	1018.742160000
223.489071459	2.176693030	36.760950089	0.000003155	0.000000000	0.004477172	72.474981412	0.000008029	1019.048640000
223.207337855	1.991513731	36.833752632	0.000003068	0.000000000	0.003335722	72.374354707	0.000007239	1019.314320000
222.909523766	2.102882028	36.912542820	0.000003145	0.000000000	0.003996379	72.267998598	0.000007771	1019.595680000
221.523659559	2.244407988	36.985349655	0.000003157	0.000000000	0.005001134	71.773265906	0.000008248	1020.912000000
221.244416789	2.122612405	37.370318413	0.000003228	0.000000000	0.004142105	71.673618516	0.000008040	1021.178640000
220.554275912	2.076081724	37.549837589	0.000003343	0.000000000	0.003847323	71.427397690	0.000008170	1021.839680000
220.263615957	1.838798776	37.627638817	0.000003426	0.000000000	0.002572245	71.323722715	0.000007561	1022.118960000
219.933483554	1.936729738	37.711407185	0.000003366	0.000000000	0.003058708	71.205985286	0.000007759	1022.436800000
219.615481648	2.034647985	37.792192459	0.000003470	0.000000000	0.003601402	71.092591062	0.000008338	1022.743600000
219.327479361	1.781967744	37.864997387	0.000003472	0.000000000	0.002327415	70.989908638	0.000007465	1023.022000000
219.026476962	1.959753104	37.939795971	0.000003472	0.000000000	0.003185551	70.882605920	0.000008082	1023.313520000
218.698058260	1.612042850	38.022573471	0.000003499	0.000000000	0.001687578	70.765546850	0.000006928	1023.632240000
217.946171042	2.089450740	38.093387604	0.000003544	0.000000000	0.003956966	70.497617349	0.000008710	1024.364480000
217.620532457	2.242202219	38.290874004	0.000003644	0.000000000	0.005022000	70.381607631	0.000009511	1024.682720000
217.242877306	2.226128960	38.383610249	0.000003993	0.000000000	0.004890116	70.247089010	0.000010358	1025.052640000
215.901276367	1.561842300	38.698766232	0.000005024	0.000000000	0.001509237	69.769411320	0.000009695	1026.374160000
215.546471457	1.641947923	38.774563789	0.000005065	0.000000000	0.001774897	69.643133354	0.000010180	1026.725600000
215.135278231	1.653743494	38.856345654	0.000005508	0.000000000	0.001814276	69.496812832	0.000011135	1027.133920000
214.748706522	1.385106592	38.934138298	0.000005725	0.000000000	0.001030927	69.359279719	0.000010037	1027.518800000
214.401464683	1.422563616	39.005947113	0.000006059	0.000000000	0.001120323	69.235760764	0.000010850	1027.865360000
214.003742101	1.176286579	39.090717316	0.000006189	0.000000000	0.000623735	69.094310136	0.000009557	1028.263280000
213.670714357	1.243789215	39.162528515	0.000006453	0.000000000	0.000738698	68.975888937	0.000010400	1028.597280000
212.958793310	1.148256739	39.251289368	0.000006867	0.000000000	0.000580104	68.722800374	0.000010412	1029.313760000
212.594283025	0.934370235	39.386927605	0.000007716	0.000000000	0.000316615	68.593250019	0.000010048	1029.681920000
211.948471529	0.854221107	39.517577648	0.000008305	0.000000000	0.000246106	68.363778232	0.000010151	1030.336400000
211.434278523	0.701783596	39.620302200	0.000010378	0.000000000	0.000144299	68.181124521	0.000011102	1030.859520000
209.982940388	0.596677788	39.932470798	0.000010771	0.000000000	0.000096170	67.665819083	0.000010391	1032.345840000
209.610275862	0.722813560	40.008265495	0.000011114	0.000000000	0.000156721	67.533561051	0.000012123	1032.729840000
209.261522453	0.626448925	40.082069397	0.000011578	0.000000000	0.000108559	67.409810766	0.000011514	1033.090080000
208.879792970	0.574409779	40.159859657	0.000012039	0.000000000	0.000087729	67.274383503	0.000011346	1033.485360000
208.424036044	0.432582262	40.251621246	0.000012829	0.000000000	0.000045920	67.112726390	0.000010271	1033.958640000
207.605142813	0.314119025	40.327412605	0.000013522	0.000000000	0.000024384	66.822355406	0.000009223	1034.812720000
207.240282117	0.301852906	40.482998848	0.000014921	0.000000000	0.000022635	66.693017230	0.000009995	1035.194800000
206.831966337	0.224437530	40.562783241	0.000015599	0.000000000	0.000013917	66.548302374	0.000009241	1035.623520000
206.023748757	0.260516165	40.718365192	0.000016844	0.000000000	0.000017594	66.261940774	0.000010586	1036.475680000
205.343087587	0.264309422	40.848023891	0.000017349	0.000000000	0.000018052	66.020862938	0.000010970	1037.197040000
204.872419833	0.220671454	40.938777447	0.000017902	0.000000000	0.000013605	65.854208653	0.000010539	1037.697840000
204.473855925	0.193696664	41.010587215	0.000018231	0.000000000	0.000011307	65.713115501	0.000010240	1038.123200000
204.068032372	0.161104068	41.095358372	0.000018550	0.000000000	0.000008931	65.569481260	0.000009815	1038.557520000
203.706754900	0.169109292	41.168164730	0.000020000	0.000000000	0.000009468	65.441637876	0.000010742	1038.945200000
203.335468453	0.189004751	41.242963791	0.000020272	0.000000000	0.000010950	65.310276795	0.000011292	1039.344640000
202.968476544	0.218417049	41.318765640	0.000020421	0.000000000	0.000013451	65.180459194	0.000011975	1039.740480000
202.047084502	0.195503700	41.391567707	0.000020475	0.000000000	0.000011524	64.854637031	0.000011538	1040.738800000
201.664822080	0.183765253	41.590035915	0.000021388	0.000000000	0.000010604	64.719506101	0.000011801	1041.154880000
201.305183562	0.211143580	41.662843704	0.000021376	0.000000000	0.000012874	64.592396679	0.000012380	1041.547360000
200.527318384	0.198626639	41.821420670	0.000021257	0.000000000	0.000011843	64.317550050	0.000012045	1042.399680000
199.923267568	0.214918322	41.945087910	0.000021188	0.000000000	0.000013291	64.104193151	0.000012351	1043.064800000
199.543091251	0.276068983	42.023875713	0.000020111	0.000000000	0.000019818	63.969944769	0.000012953	1043.484880000
199.158390834	0.218481986	42.102669239	0.000020122	0.000000000	0.000013678	63.834125437	0.000011801	1043.911120000
198.808617414	0.243379320	42.176470280	0.000019829	0.000000000	0.000016166	63.710660429	0.000012123	1044.299680000
198.431166353	0.199392592	42.255261421	0.000019185	0.000000000	0.000012048	63.577450516	0.000010886	1044.720080000
198.077198900	0.247952907	42.330058098	0.000018391	0.000000000	0.000016737	63.452551964	0.000011328	1045.115360000
197.665122414	0.272965502	42.415826321	0.000018047	0.000000000	0.000019649	63.307178195	0.000011568	1045.576800000
195.790685675	0.293640392	42.487637520	0.000017619	0.000000000	0.000022485	62.646299790	0.000011657	1047.693200000
195.408171555	1.598507515	42.869616032	0.000006076	0.000000000	0.001756366	62.511514373	0.000011949	1048.128640000
194.305072662	1.865470528	43.048138142	0.000005548	0.000000000	0.002933855	62.122969813	0.000012391	1049.391200000
193.742359584	2.657995984	43.125929356	0.000003959	0.000000000	0.009917934	61.924852177	0.000011979	1050.039200000
193.164638918	2.678699434	43.198739052	0.000003977	0.000000000	0.010214999	61.721511969	0.000012117	1050.707280000
192.482111960	2.649940903	43.278521538	0.000004154	0.000000000	0.009856193	61.481363293	0.000012535	1051.500240000
191.730052971	3.211282311	43.355315685	0.000003375	0.000000000	0.019583028	61.216850506	0.000012081	1052.378640000
190.675385464	4.979636912	43.457043648	0.000002254	0.000000000	0.098040137	60.846083728	0.000012051	1053.618800000
189.868692102	7.892374206	43.532843590	0.000001333	0.000000000	0.561560787	60.562633473	0.000011012	1054.574000000
187.841047844	61.834769152	43.609635830	0.000000184	0.000000000	1820.208925844	59.850719400	0.000011441	1057.000720000
186.946878814	-6.123185754	43.784174442	-0.000001979	-0.000000000	0.133949755	59.537022484	0.000011387	1058.082800000
185.973676498	-6.191184939	43.854979992	-0.000002132	-0.000000000	0.140708454	59.195773337	0.000012414	1059.268960000
179.921005958	-5.563835280	44.202052593	-0.000002315	-0.000000000	0.091821812	57.077571662	0.000012026	1066.850720000
177.880333215	-6.545001641	44.279844761	-0.000002105	-0.000000000	0.184896891	56.365047886	0.000013004	1069.489760000
175.693585162	-6.010536711	44.355641365	-0.000002069	-0.000000000	0.130452008	55.602450657	0.000011672	1072.366320000
173.321194920	-7.298761485	44.431448460	-0.000001875	-0.000000000	0.299715163	54.776214571	0.000012992	1075.545760000
170.342189099	-7.492898221	44.522199154	-0.000001798	-0.000000000	0.339919240	53.740356456	0.000012808	1079.627840000
167.853410109	-8.276975391	44.594003677	-0.000001646	-0.000000000	0.522600068	52.876383794	0.000013022	1083.117680000
165.006124908	-9.073187624	44.670799255	-0.000001500	-0.000000000	0.778544011	51.889570988	0.000013058	1087.202720000
159.268283512	-10.239419265	44.745598793	-0.000001402	-0.000000000	1.326645439	49.906291696	0.000013840	1095.752080000
156.234221480	-13.391733848	44.890212536	-0.000001071	-0.000000000	4.088124660	48.860522510	0.000013953	1100.454800000
152.954679185	-14.554328756	44.969998837	-0.000000926	-0.000000000	5.871431349	47.732492689	0.000013138	1105.688880000
147.659211355	-39.338988007	45.115626335	-0.000000339	-0.000000000	345.070368049	45.916342223	0.000013192	1114.492880000
137.554708238	-74.481848488	45.435753345	-0.000000170	-0.000000000	4817.538398099	42.469666135	0.000012625	1132.636480000
135.422759787	-448.660077458	45.506567001	-0.000000030	-0.000000000	6534625.082154766	41.745723828	0.000013370	1136.714320000
133.118903114	-296.080360692	45.582362175	-0.000000045	-0.000000000	1257209.080511628	40.964730367	0.000013198	1141.227760000
130.791255287	72.446264792	45.660155773	0.000000177	0.000000000	4699.646876255	40.177089684	0.000012875	1145.905360000
128.518794954	104.627627148	45.738942146	0.000000121	0.000000000	20654.946538041	39.409520661	0.000012743	1150.591200000
123.723986800	44.066409659	45.810752392	0.000000265	0.000000000	687.538121250	37.794608999	0.000011795	1160.889040000
121.559812116	23.848905733	45.991267681	0.000000578	0.000000000	61.479460828	37.067810570	0.000014004	1165.731360000
119.491595397	19.516693476	46.068064690	0.000000613	0.000000000	28.471630524	36.374488833	0.000012194	1170.479120000
115.243692781	6.196998344	46.215672016	0.000001805	0.000000000	0.350298530	34.954395972	0.000011852	1180.621680000
111.136891204	6.480728507	46.344325542	0.000001964	0.000000000	0.428575271	33.586622739	0.000013453	1190.967200000
108.698843282	6.289501989	46.421118259	0.000001902	0.000000000	0.391347684	32.777093899	0.000012664	1197.381120000
100.241828513	5.593727918	46.521849632	0.000002176	0.000000000	0.272260516	29.983873148	0.000012974	1221.399920000
98.299572268	4.826017131	46.808086395	0.000002368	0.000000000	0.160068525	29.345753727	0.000012300	1227.347280000
93.777107548	4.454328519	46.884881496	0.000002460	0.000000000	0.124736771	27.865032932	0.000011864	1241.904080000
91.941717170	4.070178126	47.083351135	0.000002571	0.000000000	0.091356979	27.266194776	0.000011409	1248.116480000
89.991136151	4.025146493	47.163136005	0.000002522	0.000000000	0.089679336	26.631135136	0.000011078	1254.926880000
85.655162601	3.672564539	47.317720413	0.000002656	0.000000000	0.067531085	25.224618587	0.000010730	1270.896480000
83.156222640	3.861840580	47.451364040	0.000002706	0.000000000	0.083502268	24.417341257	0.000011448	1280.668000000
82.076704495	3.792928118	47.521178246	0.000002784	0.000000000	0.079239810	24.069381154	0.000011585	1285.028320000
81.191702173	3.787465511	47.604955196	0.000002706	0.000000000	0.079762201	23.784474084	0.000011244	1288.668560000
80.521298811	3.376009225	47.690727711	0.000002856	0.000000000	0.053070885	23.568867381	0.000010694	1291.466560000
80.171797016	4.057671563	47.761536598	0.000002792	0.000000000	0.103809470	23.456539003	0.000012357	1292.939360000
79.930534976	3.989804936	47.844314098	0.000002765	0.000000000	0.097934659	23.379028146	0.000012051	1293.961760000
79.826914444	4.248704726	47.926095009	0.000002785	0.000000000	0.123407589	23.345745192	0.000012857	1294.402320000
79.698815732	3.659492959	47.998909473	0.000002862	0.000000000	0.071723353	23.304606056	0.000011526	1294.948160000
79.687359782	3.558176545	48.369908810	0.000002797	0.000000000	0.064843660	23.300927292	0.000010982	1294.997040000
79.677255881	3.364294275	48.545439243	0.000002851	0.000000000	0.052994854	23.297682747	0.000010640	1295.040160000
79.676824775	3.825380182	48.624229431	0.000002668	0.000000000	0.084361592	23.297544312	0.000011190	1295.042000000
79.678230569	3.522597176	48.697034359	0.000002776	0.000000000	0.062553507	23.297995735	0.000010802	1295.036000000
79.678230569	3.690510904	48.777819157	0.000002734	0.000000000	0.074031765	23.297995735	0.000011096	1295.036000000
79.678230569	3.259888293	48.849625587	0.000002785	0.000000000	0.047363876	23.297995735	0.000010103	1295.036000000
79.678511733	3.202899406	48.921440601	0.000002801	0.000000000	0.044467822	23.298086021	0.000010001	1295.034800000
79.679448955	3.118442373	49.001222134	0.000002743	0.000000000	0.040452895	23.298386979	0.000009565	1295.030800000
79.683460457	3.592610458	49.079013348	0.000002771	0.000000000	0.067152740	23.299675143	0.000010976	1295.013680000
79.681998285	3.334266673	49.154810905	0.000002761	0.000000000	0.051352418	23.299205613	0.000010223	1295.019920000
79.683441711	3.199238978	49.295433521	0.000002715	0.000000000	0.044318627	23.299669124	0.000009683	1295.013760000
79.680067531	3.209883304	49.376217365	0.000002854	0.000000000	0.044793773	23.298585614	0.000010211	1295.028160000
79.681435922	3.101828710	49.700350285	0.000002836	0.000000000	0.039657471	23.299025028	0.000009839	1295.022320000
79.679523934	3.278014140	49.772159100	0.000002850	0.000000000	0.048285473	23.298411056	0.000010391	1295.030480000
79.679767615	3.349666618	49.850949287	0.000002711	0.000000000	0.052231087	23.298489306	0.000010079	1295.029440000
79.677537039	2.943787337	49.921763897	0.000002834	0.000000000	0.032953547	23.297773031	0.000009385	1295.038960000
79.674744268	2.970962397	50.005538464	0.000002771	0.000000000	0.034063198	23.296876230	0.000009253	1295.050880000
79.675568964	3.066199937	50.079342365	0.000002731	0.000000000	0.038104261	23.297141052	0.000009379	1295.047360000
79.675419018	2.856799331	50.162118435	0.000002816	0.000000000	0.029653989	23.297092902	0.000009079	1295.048000000
79.671708002	2.822486282	50.233938217	0.000002855	0.000000000	0.028410516	23.295901241	0.000009109	1295.063840000
79.671932905	3.293102848	50.390506268	0.000002818	0.000000000	0.049102335	23.295973461	0.000010319	1295.062880000
79.670302384	3.467533742	50.462316513	0.000002707	0.000000000	0.059143406	23.295449878	0.000010383	1295.069840000
79.668765617	3.271153340	50.615903854	0.000002732	0.000000000	0.047979506	23.294956403	0.000009941	1295.076400000
79.663274856	3.429503998	50.934052467	0.000002739	0.000000000	0.056835443	23.293193258	0.000010401	1295.099840000
79.660632750	3.152491278	51.004863739	0.000002735	0.000000000	0.042059411	23.292344853	0.000009629	1295.111120000
79.659639653	3.339013937	51.084650993	0.000002690	0.000000000	0.051662002	23.292025961	0.000009971	1295.115360000
79.661757034	3.149299758	51.169424534	0.000002770	0.000000000	0.041893786	23.292705871	0.000009743	1295.106320000
79.660782654	2.772377538	51.245219707	0.000002693	0.000000000	0.026733238	23.292392988	0.000008458	1295.110480000
79.660632750	3.320314948	51.328995705	0.000002671	0.000000000	0.050641911	23.292344853	0.000009851	1295.111120000
79.661475961	3.104636908	51.489566326	0.000002748	0.000000000	0.039827921	23.292615616	0.000009541	1295.107520000
79.661063723	3.475943754	51.566360474	0.000002701	0.000000000	0.059671067	23.292483242	0.000010383	1295.109280000
79.658646575	3.128355238	51.716959000	0.000002751	0.000000000	0.040920250	23.291707075	0.000009617	1295.119600000
79.662188016	3.300734283	51.848618031	0.000002755	0.000000000	0.049542996	23.292844263	0.000010108	1295.104480000
79.661757034	3.334928993	51.941359043	0.000002867	0.000000000	0.051359524	23.292705871	0.000010616	1295.106320000
79.662038109	3.305695877	52.013167858	0.000002776	0.000000000	0.049801304	23.292796127	0.000010198	1295.105120000
79.659677128	3.572325111	52.097941399	0.000002732	0.000000000	0.065834058	23.292037994	0.000010766	1295.115200000
79.662581525	3.535520118	52.175732613	0.000002703	0.000000000	0.063433535	23.292970623	0.000010551	1295.102800000
79.661757034	3.560534245	52.251529217	0.000002707	0.000000000	0.065064768	23.292705871	0.000010634	1295.106320000
79.663124946	3.176406070	52.335304737	0.000002749	0.000000000	0.043199505	23.293145121	0.000009743	1295.100480000
79.659901979	3.178704443	52.414095879	0.000002806	0.000000000	0.043290490	23.292110196	0.000009953	1295.114240000
79.656697947	2.876185840	52.587629318	0.000002795	0.000000000	0.030382145	23.291081356	0.000009068	1295.127920000
79.660183044	3.139417336	52.669414997	0.000002816	0.000000000	0.041411806	23.292200448	0.000009875	1295.113040000
79.661007509	3.061116629	52.815023899	0.000002733	0.000000000	0.037887045	23.292465191	0.000009373	1295.109520000
79.659208692	2.644261240	52.947668552	0.000002743	0.000000000	0.022649301	23.291887576	0.000008262	1295.117200000
79.658777735	2.638976985	53.025459766	0.000002805	0.000000000	0.022474893	23.291749192	0.000008434	1295.119040000
79.662450355	3.164079708	53.109235764	0.000002720	0.000000000	0.042617533	23.292928503	0.000009607	1295.103360000
79.657803410	3.150928288	53.181046009	0.000002645	0.000000000	0.042024884	23.291436328	0.000009307	1295.123200000
79.660183044	2.975500730	53.264819622	0.000002782	0.000000000	0.034250338	23.292200448	0.000009301	1295.113040000
79.660895081	2.667592659	53.348596573	0.000002710	0.000000000	0.023362322	23.292429090	0.000008226	1295.110000000
79.659077531	2.839791940	53.419412613	0.000002760	0.000000000	0.029061536	23.291845459	0.000008854	1295.117760000
79.658890158	2.833780518	53.503184795	0.000002679	0.000000000	0.028873395	23.291785292	0.000008578	1295.118560000
79.657784673	2.585977229	53.870210171	0.000002673	0.000000000	0.020982031	23.291430311	0.000007897	1295.123280000
79.658890158	2.913301319	54.048727036	0.000002614	0.000000000	0.031850487	23.291785292	0.000008578	1295.118560000
79.662956297	2.777682677	54.127520561	0.000002721	0.000000000	0.026902838	23.293090966	0.000008560	1295.101200000
79.663649634	2.481573741	54.222268581	0.000002674	0.000000000	0.018193794	23.293313603	0.000007621	1295.098240000
79.664080631	2.105473858	54.306035995	0.000002781	0.000000000	0.010377019	23.293452001	0.000006880	1295.096400000
79.661963156	2.199274175	54.378842831	0.000002729	0.000000000	0.012032384	23.292772058	0.000007006	1295.105440000
79.661700820	2.049803005	54.458630085	0.000002826	0.000000000	0.009477542	23.292687820	0.000006832	1295.106560000
79.662693956	2.127065380	54.536423206	0.000002786	0.000000000	0.010738710	23.293006726	0.000006952	1295.102320000
79.662075586	2.438139562	54.609225273	0.000002844	0.000000000	0.017078752	23.292808161	0.000007981	1295.104960000
79.661644605	2.206845978	54.786750317	0.000002697	0.000000000	0.012180182	23.292669769	0.000006946	1295.106800000
79.662394139	2.182270753	54.866537571	0.000002839	0.000000000	0.011698487	23.292910451	0.000007239	1295.103600000
79.665448604	2.596731544	55.199645996	0.000002781	0.000000000	0.021253175	23.293891271	0.000008244	1295.090560000
79.665279948	2.678495056	55.279433250	0.000002863	0.000000000	0.023651802	23.293837114	0.000008722	1295.091280000
79.667153934	2.541136570	55.361215115	0.000002909	0.000000000	0.019684940	23.294438872	0.000008464	1295.083280000
79.668447024	2.366494051	55.461944580	0.000002844	0.000000000	0.015414414	23.294854099	0.000007777	1295.077760000
79.667584961	2.421573019	55.536746025	0.000002852	0.000000000	0.016679705	23.294577280	0.000007957	1295.081440000
79.666441811	2.558197235	55.615535259	0.000002843	0.000000000	0.020162812	23.294210202	0.000008320	1295.086320000
79.665879616	2.923864217	55.698318958	0.000002724	0.000000000	0.032214696	23.294029674	0.000008968	1295.088720000
79.669983782	2.574370457	55.899779797	0.000002848	0.000000000	0.020606213	23.295347571	0.000008380	1295.071200000
79.669683923	2.629432319	55.969591141	0.000002732	0.000000000	0.022210470	23.295251283	0.000008190	1295.072480000
79.667903548	2.689472760	56.119188786	0.000002806	0.000000000	0.024006608	23.294679582	0.000008578	1295.080080000
79.671070784	1.888299262	56.430357456	0.000002970	0.000000000	0.007194212	23.295696622	0.000006702	1295.066560000
79.669571477	2.232102264	56.511142254	0.000002805	0.000000000	0.012634515	23.295215175	0.000007293	1295.072960000
79.668297099	2.492074690	56.594915867	0.000002820	0.000000000	0.018421420	23.294805956	0.000008064	1295.078400000
79.671370650	2.742400427	56.672709465	0.000002764	0.000000000	0.025709652	23.295792913	0.000008596	1295.065280000
79.673301083	2.493466428	56.754490852	0.000002880	0.000000000	0.018441493	23.296412802	0.000008242	1295.057040000
79.674538097	2.486201112	56.832283974	0.000002706	0.000000000	0.018299701	23.296810025	0.000007723	1295.051760000
79.678567966	2.240719108	56.992853642	0.000002903	0.000000000	0.012780346	23.298104079	0.000007573	1295.034560000
79.674275697	2.060818850	57.078622818	0.000002800	0.000000000	0.009652098	23.296725764	0.000006801	1295.052880000
79.674706783	2.437859075	57.216254234	0.000002950	0.000000000	0.017046299	23.296864192	0.000008278	1295.051040000
79.675681423	2.534665678	57.350894451	0.000002908	0.000000000	0.019510075	23.297177164	0.000008440	1295.046880000
79.676206237	2.230901603	57.426693439	0.000002873	0.000000000	0.012597020	23.297345690	0.000007467	1295.044640000
79.675512734	2.050786394	57.508471966	0.000002894	0.000000000	0.009479730	23.297122995	0.000006999	1295.047600000
79.678024384	2.585225234	57.597235680	0.000002874	0.000000000	0.020900705	23.297929526	0.000008488	1295.036880000
79.676937237	2.543680630	57.679016590	0.000002790	0.000000000	0.019779770	23.297580425	0.000008124	1295.041520000
79.678024384	2.380891431	57.752823830	0.000002855	0.000000000	0.015733937	23.297929526	0.000007849	1295.036880000
79.677480808	2.379775248	57.832606792	0.000002771	0.000000000	0.015727661	23.297754975	0.000007615	1295.039200000
79.677312113	1.885226878	57.909401417	0.000002777	0.000000000	0.007182657	23.297700804	0.000006258	1295.039920000
79.677893175	2.361888280	58.088927746	0.000002818	0.000000000	0.015315626	23.297887392	0.000007693	1295.037440000
79.677049699	2.266090080	58.172707081	0.000002794	0.000000000	0.013301535	23.297616539	0.000007359	1295.041040000
79.679973807	2.251057022	58.314321995	0.000002814	0.000000000	0.012999033	23.298555518	0.000007371	1295.028560000
79.677312113	2.346057828	58.455939770	0.000002769	0.000000000	0.014978143	23.297700804	0.000007515	1295.039920000
79.679580168	2.159614070	58.525754929	0.000002847	0.000000000	0.011288770	23.298429114	0.000007197	1295.030240000
79.678886620	2.211972594	58.604543209	0.000002904	0.000000000	0.012231858	23.298206404	0.000007491	1295.033200000
79.679823849	2.842597010	58.682334900	0.000002748	0.000000000	0.029158456	23.298507364	0.000008824	1295.029200000
79.677630759	2.576853569	58.766110897	0.000002846	0.000000000	0.020673787	23.297803126	0.000008380	1295.038560000
79.677462064	2.242136399	58.843903065	0.000002891	0.000000000	0.012810329	23.297748956	0.000007545	1295.039280000
79.678886620	2.408398804	58.917719841	0.000002928	0.000000000	0.016351241	23.298206404	0.000008130	1295.033200000
79.678399267	2.186518654	59.002479076	0.000002839	0.000000000	0.011773272	23.298049907	0.000007251	1295.035280000
79.681867066	2.251021979	59.370494843	0.000002779	0.000000000	0.013005416	23.299163477	0.000007278	1295.020480000
79.679655146	2.588967682	59.551012516	0.000002690	0.000000000	0.021055296	23.298453191	0.000007954	1295.029920000
79.679767615	2.303714169	59.621826172	0.000002771	0.000000000	0.014073659	23.298489306	0.000007404	1295.029440000
79.681323450	2.545414835	59.698617458	0.000002818	0.000000000	0.019818167	23.298988912	0.000008211	1295.022800000
79.679767615	2.578615167	59.780406952	0.000002855	0.000000000	0.020719940	23.298489306	0.000008413	1295.029440000
79.683404219	2.368471855	59.863176823	0.000002793	0.000000000	0.015467000	23.299657084	0.000007642	1295.013920000
79.680311214	2.141061822	59.936984062	0.000002781	0.000000000	0.010977072	23.298663865	0.000006979	1295.027120000
79.680311214	2.265852502	60.011780739	0.000002850	0.000000000	0.013284722	23.298663865	0.000007506	1295.027120000
79.680854820	2.445816585	60.091567039	0.000002803	0.000000000	0.017269919	23.298838426	0.000007888	1295.024800000
79.679336487	2.304946233	60.293027878	0.000002888	0.000000000	0.014074930	23.298350864	0.000007720	1295.031280000
79.681435922	2.181874084	60.373815060	0.000002884	0.000000000	0.011680099	23.299025028	0.000007353	1295.022320000
79.678230569	2.616530422	60.697947025	0.000002748	0.000000000	0.021826940	23.297995735	0.000008202	1295.036000000
79.681267214	2.201018386	60.781721592	0.000002794	0.000000000	0.012047997	23.298970853	0.000007179	1295.023040000
79.677949407	2.176490489	60.854528427	0.000002727	0.000000000	0.011613958	23.297905449	0.000006939	1295.037200000
79.682429434	2.440194597	60.935310364	0.000002767	0.000000000	0.017142021	23.299344063	0.000007771	1295.018080000
79.681173488	2.223728746	61.013102055	0.000002728	0.000000000	0.012488673	23.298940756	0.000007071	1295.023440000
79.679205276	2.456169590	61.088899612	0.000002775	0.000000000	0.017530302	23.298308729	0.000007837	1295.031840000
79.682429434	2.378517679	61.169684410	0.000002729	0.000000000	0.015708254	23.299344063	0.000007497	1295.018080000
79.695590562	1.974760353	61.242491245	0.000002768	0.000000000	0.008374446	23.303570376	0.000006486	1294.961920000
79.714963323	1.890511568	61.393091202	0.000002813	0.000000000	0.007240091	23.309791506	0.000006354	1294.879280000
79.729502298	2.196610971	61.465894222	0.000002731	0.000000000	0.011972082	23.314460476	0.000007005	1294.817280000
79.755250893	1.935431738	61.619481564	0.000002877	0.000000000	0.007810633	23.322729464	0.000006627	1294.707520000
79.772317260	2.489168361	61.929654121	0.000002882	0.000000000	0.018307810	23.328210366	0.000008235	1294.634800000
79.775641062	2.799298846	62.006446362	0.000002913	0.000000000	0.027545975	23.329277826	0.000009226	1294.620640000
79.771171818	2.983288189	62.090222359	0.000002939	0.000000000	0.034468173	23.327842500	0.000009850	1294.639680000
79.770927711	2.825598280	62.161035061	0.000002895	0.000000000	0.028472521	23.327764104	0.000009244	1294.640720000
79.766890716	2.544166010	62.245810032	0.000002994	0.000000000	0.019722170	23.326467605	0.000008719	1294.657920000
79.756884067	2.778964240	62.316619873	0.000002934	0.000000000	0.026851444	23.323253956	0.000009232	1294.700560000
79.757146881	2.749620452	62.490153313	0.000002925	0.000000000	0.025872833	23.323338358	0.000009120	1294.699440000
79.754368625	2.160628151	62.571935177	0.000002799	0.000000000	0.011304933	23.322446125	0.000007076	1294.711280000
79.746879332	2.469371292	62.714555740	0.000002888	0.000000000	0.017814811	23.320040963	0.000008193	1294.743200000
79.742731589	2.334919068	62.845205307	0.000002916	0.000000000	0.014692698	23.318708939	0.000007882	1294.760880000
79.743594893	2.120025002	62.917014122	0.000002896	0.000000000	0.010588519	23.318986184	0.000007206	1294.757200000
79.739935332	2.129299726	62.993806839	0.000002941	0.000000000	0.010738545	23.317810941	0.000007344	1294.772800000
79.738415282	2.014048697	63.082569599	0.000002936	0.000000000	0.008909895	23.317322790	0.000006993	1294.779280000
79.737871077	2.136757084	63.152383804	0.000002920	0.000000000	0.010869676	23.317148023	0.000007314	1294.781600000
79.737289348	2.129245900	63.231172562	0.000002862	0.000000000	0.010751444	23.316961205	0.000007146	1294.784080000
79.731453643	1.780938600	63.311955929	0.000002892	0.000000000	0.005940709	23.315087128	0.000006215	1294.808960000
79.727194552	2.137614261	63.385759830	0.000002898	0.000000000	0.010889726	23.313719373	0.000007260	1294.827120000
79.725674873	1.821322610	63.593204498	0.000002896	0.000000000	0.006392698	23.313231348	0.000006341	1294.833600000
79.726612941	1.098976662	63.675983906	0.000003044	0.000000000	0.001327995	23.313532596	0.000004466	1294.829600000
79.724661778	1.813751922	63.813615799	0.000002795	0.000000000	0.006320119	23.312906007	0.000006098	1294.837920000
79.722429285	1.781009313	63.951247215	0.000002884	0.000000000	0.005943225	23.312189075	0.000006198	1294.847440000
79.721753928	2.225630569	64.027044773	0.000002853	0.000000000	0.012492539	23.311972194	0.000007401	1294.850320000
79.720909744	1.698040282	64.109823704	0.000002856	0.000000000	0.005093697	23.311701098	0.000005900	1294.853920000
79.717289287	1.763544802	64.181632519	0.000002881	0.000000000	0.005756157	23.310538448	0.000006140	1294.869360000
79.714419363	1.795633573	64.264409542	0.000002901	0.000000000	0.006102598	23.309616823	0.000006276	1294.881600000
79.711568351	1.886225323	64.335230350	0.000002776	0.000000000	0.007192192	23.308701275	0.000006258	1294.893760000
79.712993838	1.570060509	64.417998791	0.000002770	0.000000000	0.003972712	23.309159042	0.000005369	1294.887680000
79.735037551	1.974480009	64.516735077	0.000002825	0.000000000	0.008356736	23.316238062	0.000006617	1294.793680000
79.735037551	1.508473638	64.869795799	0.000002807	0.000000000	0.003495952	23.316238062	0.000005267	1294.793680000
79.737814781	1.810994304	65.048313618	0.000002798	0.000000000	0.006287252	23.317129944	0.000006097	1294.781840000
79.738246390	1.675982240	65.118138790	0.000002772	0.000000000	0.004892625	23.317268551	0.000005667	1294.780000000
79.739222217	1.872575945	65.199907780	0.000002828	0.000000000	0.007011773	23.317581930	0.000006336	1294.775840000
79.737552063	1.535944647	65.277715683	0.000002741	0.000000000	0.003708024	23.317045574	0.000005219	1294.782960000
79.737702187	1.625483393	65.355492592	0.000002716	0.000000000	0.004442450	23.317093785	0.000005415	1294.782320000
79.737814781	2.015705875	65.451235771	0.000002703	0.000000000	0.008973812	23.317129944	0.000006444	1294.781840000
79.741305291	1.779356894	65.522050858	0.000002909	0.000000000	0.005920660	23.318250893	0.000006246	1294.766960000
79.741868299	2.033257132	65.601833344	0.000002788	0.000000000	0.009220872	23.318431699	0.000006696	1294.764560000
79.742299942	2.168091604	65.784344673	0.000002743	0.000000000	0.011450257	23.318570319	0.000006958	1294.762720000
79.740498325	1.710505514	65.865129471	0.000002927	0.000000000	0.005205809	23.317991742	0.000006083	1294.770400000
79.744533283	1.975548616	66.199236393	0.000002925	0.000000000	0.008355388	23.319287542	0.000006854	1294.753200000
79.742844193	2.196849785	66.274035931	0.000002856	0.000000000	0.011949309	23.318745101	0.000007326	1294.760400000
79.744683427	1.653112923	66.362798214	0.000002891	0.000000000	0.004666580	23.319335760	0.000005843	1294.752560000
79.741736930	2.200297886	66.445583820	0.000002878	0.000000000	0.012009084	23.318389511	0.000007392	1294.765120000
79.741586794	2.347705836	66.519383907	0.000002968	0.000000000	0.014960111	23.318341296	0.000008062	1294.765760000
79.741305291	1.949005698	66.594187260	0.000002953	0.000000000	0.007984288	23.318250893	0.000006842	1294.766960000
79.742168572	1.992164292	66.665989399	0.000002957	0.000000000	0.008587406	23.318528130	0.000006978	1294.763280000
79.736032083	2.008499655	66.747767925	0.000002949	0.000000000	0.008826472	23.316557446	0.000007008	1294.789440000
79.735319021	1.957114915	66.890388012	0.000002868	0.000000000	0.008108263	23.316328453	0.000006668	1294.792480000
79.734174389	2.034075696	66.967183113	0.000002989	0.000000000	0.009202239	23.315960866	0.000007179	1294.797360000
79.738527877	1.571533181	67.117779732	0.000003073	0.000000000	0.003952475	23.317358948	0.000005960	1294.778800000
79.735863199	1.902613169	67.428949356	0.000002987	0.000000000	0.007367596	23.316503211	0.000006783	1294.790160000
79.732692034	2.106467502	67.508734226	0.000003024	0.000000000	0.010343689	23.315484823	0.000007483	1294.803680000
79.729614874	1.886592389	67.580544472	0.000002975	0.000000000	0.007166691	23.314496629	0.000006707	1294.816800000
79.724661778	2.205533934	67.670303822	0.000002945	0.000000000	0.012097028	23.312906007	0.000007579	1294.837920000
79.725205845	2.092322844	67.757071018	0.000003027	0.000000000	0.010112179	23.313080726	0.000007449	1294.835600000
79.740366959	1.959733008	67.844835758	0.000003007	0.000000000	0.008124034	23.317949555	0.000006999	1294.770960000
79.740366959	2.225321211	67.985463142	0.000002948	0.000000000	0.012466340	23.317949555	0.000007644	1294.770960000
79.740479558	1.980205297	68.057271004	0.000003037	0.000000000	0.008406026	23.317985715	0.000007131	1294.770480000
79.745227702	2.012691059	68.213850975	0.000002912	0.000000000	0.008892546	23.319510551	0.000006934	1294.750240000
79.747123327	2.037428977	68.346495152	0.000002937	0.000000000	0.009259163	23.320119321	0.000007065	1294.742160000
79.745715678	1.924575845	68.451214790	0.000002861	0.000000000	0.007669812	23.319667262	0.000006558	1294.748160000
79.746691644	1.741670622	68.522028446	0.000002817	0.000000000	0.005533239	23.319980688	0.000005943	1294.744000000
79.746823026	1.961163432	68.603806019	0.000002795	0.000000000	0.008174529	23.320022880	0.000006510	1294.743440000
79.743688731	1.681677723	68.686584473	0.000002809	0.000000000	0.004941340	23.319016319	0.000005757	1294.756800000
79.748643630	1.512691737	68.759392738	0.000002791	0.000000000	0.003527917	23.320607559	0.000005249	1294.735680000
79.749187947	1.664223737	68.839177608	0.000002744	0.000000000	0.004786116	23.320782365	0.000005577	1294.733360000
79.748493475	2.042713618	68.907997608	0.000002700	0.000000000	0.009380716	23.320559338	0.000006510	1294.736320000
79.746428882	2.272715733	69.091502190	0.000002775	0.000000000	0.013426181	23.319896303	0.000007329	1294.745120000
79.746954407	2.099179743	69.164309502	0.000002788	0.000000000	0.010260839	23.320065073	0.000006878	1294.742880000
79.742994332	2.613974311	69.316911697	0.000002733	0.000000000	0.021738805	23.318793317	0.000008151	1294.759760000
79.746109816	2.166979343	69.449544430	0.000002746	0.000000000	0.011429252	23.319793837	0.000006962	1294.746480000
79.746691644	2.079732332	69.520357609	0.000002700	0.000000000	0.009962201	23.319980688	0.000006609	1294.744000000
79.747686397	1.940955062	69.597150803	0.000002758	0.000000000	0.007904445	23.320300148	0.000006369	1294.739760000
79.746823026	1.881812453	69.673950195	0.000002741	0.000000000	0.007139260	23.320022880	0.000006167	1294.743440000
79.747254710	2.004400690	69.752736568	0.000002649	0.000000000	0.008816763	23.320161514	0.000006285	1294.741600000
79.747911627	2.138217096	69.832521439	0.000002764	0.000000000	0.010921864	23.320372480	0.000006926	1294.738800000
79.746278733	2.768940293	69.910313606	0.000002775	0.000000000	0.026561456	23.319848084	0.000008706	1294.745760000
79.747423630	2.455891834	69.986110210	0.000002729	0.000000000	0.017519438	23.320215762	0.000007707	1294.740880000
79.748699939	2.139093623	70.372087002	0.000002699	0.000000000	0.010950062	23.320625643	0.000006767	1294.735440000
79.750558149	2.424683388	70.546610355	0.000002783	0.000000000	0.016751508	23.321222400	0.000007771	1294.727520000
79.752041011	2.342826936	70.626398087	0.000002800	0.000000000	0.014886116	23.321698616	0.000007591	1294.721200000
79.752322571	2.183424431	70.701203823	0.000002781	0.000000000	0.011716994	23.321789039	0.000007095	1294.720000000
79.751496664	2.233703457	70.772010326	0.000002824	0.000000000	0.012648004	23.321523801	0.000007347	1294.723520000
79.749112869	2.339859523	70.853791237	0.000002691	0.000000000	0.014848027	23.320758253	0.000007287	1294.733680000
79.752322571	2.212648652	70.939561367	0.000002705	0.000000000	0.012272753	23.321789039	0.000006981	1294.720000000
79.751759451	2.043881938	71.010376453	0.000002840	0.000000000	0.009372821	23.321608195	0.000006849	1294.722400000
79.750933553	2.192279473	71.091156006	0.000002694	0.000000000	0.011897235	23.321342960	0.000006897	1294.725920000
79.749657190	1.995322281	71.292618275	0.000002734	0.000000000	0.008668095	23.320933060	0.000006462	1294.731360000
79.749525802	2.209312454	71.363432407	0.000002824	0.000000000	0.012185811	23.320890865	0.000007278	1294.731920000
79.751215108	2.019557084	71.698531628	0.000002725	0.000000000	0.009025389	23.321433380	0.000006507	1294.724720000
79.750501839	2.358636104	71.769349575	0.000002709	0.000000000	0.015254679	23.321204316	0.000007386	1294.727760000
79.750389218	1.813284043	71.844142437	0.000002833	0.000000000	0.006307306	23.321168148	0.000006179	1294.728240000
79.750614459	1.810246439	71.921936512	0.000002793	0.000000000	0.006278483	23.321240484	0.000006083	1294.727280000
79.748831325	2.163528323	71.997734070	0.000002719	0.000000000	0.011373157	23.320667837	0.000006884	1294.734880000
79.749957508	2.352579397	72.069540501	0.000002627	0.000000000	0.015142474	23.321029506	0.000007146	1294.730080000
79.752191176	2.066019077	72.148329258	0.000002806	0.000000000	0.009723030	23.321746842	0.000006830	1294.720560000
79.755532471	1.990081868	72.228124619	0.000002780	0.000000000	0.008583863	23.322819892	0.000006555	1294.706320000
79.754593883	1.567668686	72.383707047	0.000002719	0.000000000	0.003957592	23.322518466	0.000005264	1294.710320000
79.755457383	1.929338131	72.487422943	0.000002711	0.000000000	0.007756229	23.322795778	0.000006228	1294.706640000
79.751759451	1.633863812	72.616083622	0.000002496	0.000000000	0.004548894	23.321608195	0.000004997	1294.722400000
79.745734447	1.579404443	72.930239201	0.000002618	0.000000000	0.004066374	23.319673289	0.000005099	1294.748080000
79.745865826	1.913853380	73.008029461	0.000002539	0.000000000	0.007586603	23.319715481	0.000005793	1294.747520000
79.746203659	1.488540966	73.078844547	0.000002601	0.000000000	0.003376581	23.319823974	0.000004829	1294.746080000
79.745434153	1.476159957	73.154638290	0.000002622	0.000000000	0.003287023	23.319576851	0.000004835	1294.749360000
79.742224873	2.117848172	73.236421585	0.000002479	0.000000000	0.010641737	23.318546211	0.000006162	1294.763040000
79.737458236	1.961397135	73.317204475	0.000002674	0.000000000	0.008200238	23.317015443	0.000006228	1294.783360000
79.737758484	1.715106439	73.483758450	0.000002625	0.000000000	0.005292625	23.317111864	0.000005469	1294.782080000
79.735806904	1.945925649	73.554574013	0.000002663	0.000000000	0.007990139	23.316485132	0.000006161	1294.790400000
79.739560007	1.650159645	73.719129562	0.000002623	0.000000000	0.004675226	23.317690409	0.000005294	1294.774400000
79.739691370	1.685356930	73.847787857	0.000002677	0.000000000	0.004994515	23.317732595	0.000005498	1294.773840000
79.737758484	2.174955720	73.931561470	0.000002585	0.000000000	0.011610062	23.317111864	0.000006573	1294.782080000
79.737758484	1.957500870	74.002375126	0.000002569	0.000000000	0.008167272	23.317111864	0.000005975	1294.782080000
79.736200967	1.587905915	74.083155632	0.000002700	0.000000000	0.004125483	23.316611682	0.000005282	1294.788720000
79.744458211	1.771299692	74.157965660	0.000002659	0.000000000	0.005869067	23.319263433	0.000005687	1294.753520000
79.733423824	1.929550676	74.237742424	0.000002663	0.000000000	0.007769967	23.315719830	0.000006119	1294.800560000
79.731941490	1.581097835	74.314538002	0.000002741	0.000000000	0.004064691	23.315243795	0.000005342	1294.806880000
79.738039968	1.262054514	74.395321369	0.000002786	0.000000000	0.002020254	23.317202261	0.000004541	1294.780880000
79.736801450	1.651389065	74.594790459	0.000002787	0.000000000	0.004663897	23.316804522	0.000005627	1294.786160000
79.739147152	1.279185642	74.678566456	0.000002755	0.000000000	0.002106660	23.317557824	0.000004538	1294.776160000
79.740423259	1.558484856	74.818190098	0.000002647	0.000000000	0.003894706	23.317967635	0.000005099	1294.770720000
79.737326878	1.488419235	74.951834202	0.000002627	0.000000000	0.003372713	23.316973258	0.000004877	1294.783920000
79.736914042	1.930745263	75.026633263	0.000002738	0.000000000	0.007772112	23.316840679	0.000006294	1294.785680000
79.729971365	1.878557342	75.099439144	0.000002645	0.000000000	0.007116837	23.314611112	0.000005942	1294.815280000
79.736914042	1.539362891	75.171250343	0.000002771	0.000000000	0.003730713	23.316840679	0.000005285	1294.785680000
79.736069613	1.894520401	75.263000488	0.000002737	0.000000000	0.007301067	23.316569499	0.000006192	1294.789280000
79.740160528	1.522773120	75.349768639	0.000002786	0.000000000	0.003603501	23.317883261	0.000005267	1294.771840000
79.743013099	2.376732783	75.424569607	0.000002820	0.000000000	0.015634264	23.318799344	0.000007741	1294.759680000
79.759268216	2.080886847	75.503359795	0.000002764	0.000000000	0.009966627	23.324019625	0.000006768	1294.690400000
79.758235697	1.408556779	75.870378971	0.000002862	0.000000000	0.002816737	23.323688031	0.000005084	1294.694800000
79.756302125	1.515747630	76.047902107	0.000002861	0.000000000	0.003542636	23.323067066	0.000005390	1294.703040000
79.755476155	1.061031582	76.119710922	0.000002860	0.000000000	0.001209162	23.322801806	0.000004087	1294.706560000
79.756170720	1.325550062	76.196506023	0.000002830	0.000000000	0.002339575	23.323024865	0.000004792	1294.703600000
79.754762828	1.291018899	76.282275677	0.000002809	0.000000000	0.002160948	23.322572722	0.000004660	1294.709600000
79.754068282	1.519984253	76.353103161	0.000002794	0.000000000	0.003581119	23.322349670	0.000005276	1294.712560000
79.754068282	1.464916881	76.439858437	0.000002986	0.000000000	0.003171587	23.322349670	0.000005474	1294.712560000
79.756733888	1.701720403	76.518643856	0.000002878	0.000000000	0.005124357	23.323205726	0.000005957	1294.701200000
79.755044403	1.670470384	76.595439911	0.000002881	0.000000000	0.004826599	23.322663150	0.000005873	1294.708400000
79.757146881	1.679184001	76.789918900	0.000002886	0.000000000	0.004907454	23.323338358	0.000005909	1294.699440000
79.756302125	1.585983918	76.861728668	0.000002964	0.000000000	0.004078722	23.323067066	0.000005792	1294.703040000
79.763924192	1.350577952	77.200820446	0.000002981	0.000000000	0.002464747	23.325514898	0.000005123	1294.670560000
79.766515197	1.636245157	77.285592556	0.000002983	0.000000000	0.004504416	23.326347006	0.000005978	1294.659520000
79.763210750	1.582129825	77.374363899	0.000002955	0.000000000	0.004047777	23.325285774	0.000005762	1294.673600000
79.764731521	1.712946753	77.454143047	0.000002824	0.000000000	0.005240801	23.325774173	0.000005876	1294.667120000
79.763623794	1.757088024	77.527946949	0.000002869	0.000000000	0.005685928	23.325418424	0.000006096	1294.671840000
79.765595188	1.694993859	77.610726357	0.000002907	0.000000000	0.005055272	23.326051542	0.000005996	1294.663440000
79.768205052	1.718791207	77.680541515	0.000003027	0.000000000	0.005274945	23.326889710	0.000006318	1294.652320000
79.770326836	1.991376879	77.762319088	0.000003007	0.000000000	0.008565870	23.327571130	0.000007095	1294.643280000
79.768655689	1.618654029	77.902943134	0.000003042	0.000000000	0.004345065	23.327034434	0.000006044	1294.650400000
79.772016814	1.939390041	77.983726978	0.000002976	0.000000000	0.007847977	23.328113875	0.000006867	1294.636080000
79.770871379	1.818651998	78.116371632	0.000002903	0.000000000	0.006357445	23.327746013	0.000006348	1294.640960000
79.773838296	2.013207278	78.430533409	0.000003002	0.000000000	0.008883753	23.328698855	0.000007149	1294.628320000
79.772692821	2.000720024	78.509321213	0.000002965	0.000000000	0.008706403	23.328330979	0.000007023	1294.633200000
79.774251424	1.894446556	78.603070259	0.000002875	0.000000000	0.007275213	23.328831534	0.000006504	1294.626560000
79.775190365	1.831563085	78.682857513	0.000003006	0.000000000	0.006493429	23.329133081	0.000006611	1294.622560000
79.777425111	1.504571314	78.766634464	0.000002867	0.000000000	0.003459472	23.329850787	0.000005369	1294.613040000
79.780148250	1.376238029	78.838442326	0.000002989	0.000000000	0.002610682	23.330725346	0.000005213	1294.601440000
79.779490927	1.331606199	78.995023727	0.000003060	0.000000000	0.002354048	23.330514241	0.000005201	1294.604240000
79.781838545	1.524636188	79.069822788	0.000002982	0.000000000	0.003595796	23.331268200	0.000005643	1294.594240000
79.785857911	1.436970356	79.222414970	0.000003023	0.000000000	0.002982034	23.332559062	0.000005457	1294.577120000
79.784505566	1.641502128	79.347086430	0.000003111	0.000000000	0.004537729	23.332124742	0.000006252	1294.582880000
79.785857911	1.110473589	79.419887066	0.000003110	0.000000000	0.001364498	23.332559062	0.000004597	1294.577120000
79.786890975	1.808424748	79.517627716	0.000003153	0.000000000	0.006211294	23.332890843	0.000006862	1294.572720000
79.788694192	1.529582235	79.589433193	0.000003075	0.000000000	0.003624404	23.333469968	0.000005835	1294.565040000
79.791211284	1.654879624	79.660246372	0.000003085	0.000000000	0.004659921	23.334278366	0.000006240	1294.554320000
79.787435690	1.429575162	79.733048439	0.000003319	0.000000000	0.002914218	23.333065785	0.000005967	1294.570400000
79.787848926	1.655131512	79.810842037	0.000003197	0.000000000	0.004652520	23.333198501	0.000006468	1294.568640000
79.801994829	1.363650273	79.906586170	0.000003144	0.000000000	0.002526150	23.337741674	0.000005445	1294.508400000
79.870580552	0.714232249	80.094082832	0.000003358	0.000000000	0.000404588	23.359770214	0.000003634	1294.216560000
79.924809520	0.580813446	80.165894032	0.000003125	0.000000000	0.000249570	23.377189010	0.000002965	1293.986080000
80.023717962	0.572397914	80.319480419	0.000003013	0.000000000	0.000243521	23.408962393	0.000002833	1293.566320000
80.096770035	0.168793386	80.449136734	0.000003030	0.000000000	0.000033788	23.432432293	0.000001626	1293.256800000
80.142022995	0.040829252	80.524931908	0.000002970	0.000000000	0.000014996	23.446972114	0.000001214	1293.065280000
80.188109884	0.189269893	80.601727009	0.000003005	0.000000000	0.000038382	23.461780757	0.000001674	1292.870400000
80.265352382	0.115385546	80.684506893	0.000002906	0.000000000	0.000025103	23.486602309	0.000001405	1292.544160000
80.364030588	0.123132168	80.759306431	0.000002946	0.000000000	0.000026007	23.518315753	0.000001447	1292.128080000
80.470580989	0.022272756	80.843080521	0.000002866	0.000000000	0.000013751	23.552563736	0.000001118	1291.679680000
80.578757827	-0.200090050	80.925862312	0.000002924	0.000000000	0.000002657	23.587339327	0.000000491	1291.225360000
80.876368069	-0.026972872	80.999662876	0.000002805	0.000000000	0.000010035	23.683037111	0.000000957	1289.980240000
80.831037451	-0.429882067	81.371668816	0.000002687	-0.000000000	0.000002096	23.668458496	-0.000000166	1290.169440000
